12.558307	9.161716	5.178950	13.287157	9.565722	10.226469	6.922820	7.947847	9.629084	4.916099	
9.428352	6.009859	8.620263	7.743516	8.480904	8.530181	11.020193	6.900876	10.461077	5.297519	
11.020242	6.835362	8.273696	10.441284	12.800060	10.642959	6.325068	5.046033	10.843876	11.894964	
5.903473	7.723157	7.659984	7.248083	6.554403	11.809511	8.516039	10.362840	14.151516	10.033287	
6.296112	6.201011	6.695538	10.937112	10.629166	5.295937	7.425863	10.804113	4.521813	11.927100	
11.350814	11.711711	11.757636	7.352437	7.463487	6.028983	7.511363	10.604769	9.824688	8.360841	
7.528666	10.417795	10.360390	11.972969	12.503657	9.022903	5.561341	5.678348	7.771800	6.463896	
12.575529	11.143465	8.991827	6.895325	16.569889	11.776582	9.143402	9.953603	9.739877	15.549178	
10.271997	9.159872	10.587197	8.971528	6.123096	16.692926	9.285619	11.579403	8.383746	11.594210	
12.806898	11.932977	8.636239	9.805029	12.397970	12.214432	15.807748	14.298681	9.523709	9.474473	
13.193338	11.324787	14.951694	8.860461	14.302600	7.088133	14.765817	14.186009	11.161834	6.473931	
7.526465	6.474060	4.353629	6.153711	10.960129	9.902256	9.312653	7.506097	7.974975	11.051358	
